+------+-----------+--------------+---------------+-------------+
| year | income    | income_debit | income_credit | income_wire |
+------+-----------+--------------+---------------+-------------+
| 2017 | 298604.90 |     99175.38 |      99988.63 |    99440.89 |
| 2018 | 275582.86 |     94959.10 |      91057.22 |    89566.54 |
| 2019 | 347671.11 |    113788.03 |     112960.15 |   120922.93 |
| 2020 | 354679.16 |    114934.70 |     119576.87 |   120167.59 |
| 2021 | 239695.07 |     82549.40 |      79515.95 |    77629.72 |
| 2022 | 408680.72 |    132342.02 |     135081.10 |   141257.60 |
| 2023 | 343591.21 |    120054.12 |     107071.60 |   116465.49 |
| 2024 | 269448.86 |     88862.41 |      89101.63 |    91484.82 |
| 2025 | 282916.26 |     93678.60 |      98718.80 |    90518.86 |
| 2026 | 283427.87 |     94257.53 |      97775.24 |    91395.10 |
+------+-----------+--------------+---------------+-------------+
